0.26214	0.06796	0.05825	0.09709	0.51456
0.16667	0.07843	0.06863	0.05882	0.62745
0.19524	0.10952	0.09048	0.12857	0.47619
0.32710	0.12150	0.09346	0.09346	0.36449
0.06982	0.04054	0.06306	0.12613	0.70045
0.23237	0.20747	0.19087	0.20747	0.16183
0.20370	0.10185	0.06481	0.30556	0.32407
0.22822	0.19502	0.17427	0.20332	0.19917
0.12500	0.08152	0.11413	0.13587	0.54348
0.19643	0.04464	0.07143	0.17857	0.50893
0.11126	0.04206	0.07191	0.17368	0.60109
0.10508	0.08814	0.15254	0.11525	0.53898
0.10329	0.06573	0.07512	0.10798	0.64789
0.07805	0.10732	0.13659	0.31220	0.36585
0.21027	0.12225	0.11736	0.12469	0.42543
0.25083	0.26998	0.21326	0.11565	0.15028
0.14388	0.15108	0.17266	0.28058	0.25180
0.05128	0.05128	0.10256	0.14530	0.64957
0.00862	0.01724	0.06897	0.10345	0.80172
0.16502	0.07591	0.09241	0.11881	0.54785
0.29434	0.10189	0.08302	0.12453	0.39623
0.42793	0.13964	0.10360	0.10811	0.22072
0.01754	0.02632	0.04386	0.12281	0.78947
0.29019	0.06370	0.07280	0.10819	0.46512
0.08439	0.09705	0.07595	0.16456	0.57806
0.45985	0.10949	0.13139	0.19708	0.10219
0.11254	0.05145	0.12219	0.17685	0.53698
0.22989	0.10345	0.08621	0.14368	0.43678
0.04237	0.02542	0.02542	0.11864	0.78814
0.24316	0.13374	0.12158	0.12462	0.37690
0.15582	0.06509	0.04536	0.06312	0.67061
0.08796	0.07407	0.05093	0.10648	0.68056
0.04000	0.02000	0.07000	0.11000	0.76000
0.07071	0.08586	0.11111	0.12121	0.61111
0.11905	0.06349	0.11111	0.14286	0.56349
0.08929	0.00893	0.08929	0.13393	0.67857
0.05469	0.03125	0.07031	0.03906	0.80469
0.02674	0.10160	0.14439	0.24599	0.48128
0.11719	0.10938	0.03906	0.14062	0.59375
0.14410	0.06987	0.07860	0.16157	0.54585
0.16867	0.09036	0.07229	0.10241	0.56627
0.23308	0.19549	0.12782	0.18045	0.26316
0.16964	0.07143	0.06250	0.11607	0.58036
0.24409	0.24409	0.14961	0.12598	0.23622
0.18065	0.10968	0.07742	0.07097	0.56129
0.08099	0.11972	0.17958	0.21831	0.40141
0.14000	0.12400	0.17600	0.22800	0.33200
0.09804	0.08824	0.10784	0.16667	0.53922
0.16667	0.05556	0.11111	0.18590	0.48077
0.02740	0.06164	0.10959	0.16438	0.63699
0.22128	0.05106	0.08936	0.15319	0.48511
0.09449	0.03937	0.07087	0.17323	0.62205
0.09346	0.04673	0.05607	0.16822	0.63551
0.12605	0.11765	0.13445	0.25210	0.36975
0.30347	0.13150	0.10983	0.13584	0.31936
0.01980	0.00000	0.04950	0.12871	0.80198
0.16667	0.05303	0.10606	0.22727	0.44697
0.05405	0.09009	0.05405	0.12613	0.67568
0.10800	0.05607	0.06756	0.08640	0.68199
0.23770	0.07377	0.14754	0.20492	0.33607
0.13077	0.13077	0.07692	0.10769	0.55385
0.43056	0.15278	0.14583	0.11111	0.15972
0.17595	0.18182	0.10850	0.14076	0.39296
0.10078	0.06202	0.08527	0.13953	0.61240
0.24586	0.10221	0.07459	0.16298	0.41436
0.16224	0.06785	0.06195	0.12389	0.58407
0.32000	0.20000	0.09000	0.14000	0.25000
0.05976	0.03785	0.07769	0.17331	0.65139
0.07200	0.12800	0.19200	0.20000	0.40800
0.23529	0.15966	0.15126	0.16387	0.28992
0.12775	0.04405	0.07048	0.10573	0.65198
0.21384	0.22013	0.22013	0.13208	0.21384
0.23292	0.11095	0.07568	0.11168	0.46877
0.16588	0.13270	0.11848	0.14218	0.44076
0.26562	0.08594	0.10156	0.13281	0.41406
0.13907	0.07285	0.19868	0.22517	0.36424
0.24157	0.23034	0.20225	0.16292	0.16292
0.08767	0.09863	0.12877	0.22740	0.45753
0.05882	0.06373	0.07843	0.13235	0.66667
0.05909	0.10000	0.13182	0.24091	0.46818
0.14525	0.17318	0.18994	0.19553	0.29609
0.09877	0.08642	0.16872	0.13580	0.51029
0.34848	0.25758	0.12121	0.13636	0.13636
0.19219	0.14715	0.15315	0.18018	0.32733
0.09322	0.05932	0.10169	0.27119	0.47458
0.16055	0.08945	0.06422	0.17202	0.51376
0.08642	0.14198	0.09877	0.19753	0.47531
0.09434	0.05660	0.04717	0.07547	0.72642
0.15810	0.12648	0.11858	0.18182	0.41502
0.06286	0.03714	0.04857	0.08571	0.76571
0.09859	0.11972	0.22535	0.24648	0.30986
0.26324	0.12817	0.11435	0.18112	0.31312
0.23301	0.15534	0.05825	0.18447	0.36893
0.17544	0.18421	0.22807	0.20175	0.21053
0.10833	0.09167	0.12500	0.23333	0.44167
0.23647	0.10621	0.07214	0.16433	0.42084
0.18065	0.01935	0.07097	0.16774	0.56129
0.10798	0.08451	0.07981	0.12207	0.60563
0.07117	0.03203	0.05694	0.07473	0.76512
0.15873	0.07937	0.10317	0.19048	0.46825
0.04511	0.05263	0.10526	0.17293	0.62406
0.15415	0.04348	0.03557	0.09881	0.66798
0.17969	0.14844	0.19531	0.19531	0.28125
0.32143	0.20714	0.07143	0.17857	0.22143
0.06343	0.09701	0.13433	0.23881	0.46642
0.25000	0.08088	0.13235	0.18382	0.35294
0.10236	0.17323	0.18898	0.18898	0.34646
0.07927	0.06098	0.10366	0.15244	0.60366
0.43860	0.16374	0.18129	0.11696	0.09942
0.16244	0.12690	0.13198	0.19289	0.38579
0.08380	0.12291	0.06145	0.16760	0.56425
0.18657	0.11194	0.11194	0.14925	0.44030
0.27136	0.09548	0.14573	0.12563	0.36181
0.17593	0.05864	0.08642	0.09568	0.58333
0.06211	0.13043	0.15528	0.31677	0.33540
0.04545	0.03846	0.05944	0.15734	0.69930
0.27632	0.09211	0.09868	0.17763	0.35526
0.12308	0.06154	0.14872	0.11282	0.55385
0.11261	0.04505	0.12613	0.20721	0.50901
0.41860	0.15116	0.09884	0.10465	0.22674
0.28571	0.04464	0.08036	0.19643	0.39286
0.15232	0.08609	0.09934	0.26490	0.39735
0.16176	0.16667	0.17647	0.13725	0.35784
0.22652	0.24309	0.17127	0.16575	0.19337
0.03000	0.10000	0.13000	0.17000	0.57000
0.18232	0.09945	0.08840	0.05709	0.57274
0.33018	0.16238	0.11231	0.11367	0.28146
0.10994	0.05708	0.05920	0.12896	0.64482
0.35878	0.22901	0.12214	0.12214	0.16794
0.19636	0.13636	0.10545	0.15273	0.40909
0.25191	0.17557	0.16031	0.09924	0.31298
0.10332	0.05904	0.08856	0.25830	0.49077
0.36975	0.17227	0.13025	0.13025	0.19748
0.18552	0.24434	0.18100	0.16742	0.22172
0.12500	0.10526	0.11842	0.17763	0.47368
0.10160	0.08021	0.06150	0.12834	0.62834
0.35443	0.10127	0.12658	0.15823	0.25949
0.02857	0.02857	0.07143	0.07857	0.79286
0.33687	0.17903	0.11779	0.09069	0.27562
0.17500	0.21875	0.24375	0.22500	0.13750
0.10909	0.07273	0.13636	0.26364	0.41818
0.28064	0.22672	0.14461	0.09681	0.25123
0.25946	0.25946	0.18919	0.09730	0.19459
0.10811	0.10565	0.09582	0.24570	0.44472
0.07634	0.05344	0.07634	0.10687	0.68702
0.07000	0.12000	0.05000	0.04000	0.72000
0.07246	0.10870	0.09420	0.11594	0.60870
0.12000	0.06556	0.11000	0.18444	0.52000
0.34363	0.11969	0.08108	0.10425	0.35135
0.12389	0.19469	0.21239	0.28319	0.18584
0.17803	0.06061	0.10227	0.16667	0.49242
0.50000	0.14557	0.08228	0.07595	0.19620
0.25175	0.16084	0.10490	0.09091	0.39161
0.33333	0.13333	0.09167	0.21667	0.22500
0.14324	0.04505	0.07748	0.15586	0.57838
0.12931	0.17241	0.18966	0.18103	0.32759
0.15217	0.17391	0.09420	0.17391	0.40580
0.39597	0.16779	0.16779	0.09396	0.17450
0.25625	0.20000	0.10000	0.12500	0.31875
0.23927	0.10066	0.07756	0.14356	0.43894
0.17160	0.05325	0.08876	0.20710	0.47929
0.26132	0.11454	0.08916	0.19273	0.34225
0.41739	0.10435	0.13913	0.02609	0.31304
0.31190	0.16399	0.16720	0.07074	0.28617
0.30131	0.13974	0.09607	0.13537	0.32751
0.17838	0.07027	0.04865	0.20541	0.49730
0.20168	0.22689	0.23529	0.08403	0.25210
0.16712	0.06301	0.08493	0.16164	0.52329
0.43284	0.18657	0.13184	0.03234	0.21642
0.09639	0.04217	0.05422	0.18072	0.62651
0.48381	0.25284	0.13619	0.03062	0.09653
0.22241	0.25779	0.19545	0.14238	0.18197
0.04569	0.03553	0.02538	0.04569	0.84772
0.09167	0.12500	0.16667	0.13333	0.48333
0.13115	0.09836	0.14754	0.22951	0.39344
0.20000	0.16154	0.06923	0.24615	0.32308
0.12418	0.06699	0.05392	0.14379	0.61111
0.10303	0.01818	0.09091	0.13333	0.65455
0.19831	0.19831	0.23207	0.17722	0.19409
0.10377	0.14151	0.11321	0.25472	0.38679
0.06250	0.03906	0.07812	0.15625	0.66406
0.22066	0.11737	0.08920	0.13615	0.43662
0.21290	0.12258	0.15484	0.07742	0.43226
0.03627	0.06218	0.06218	0.07772	0.76166
0.48667	0.23333	0.11333	0.06667	0.10000
0.03731	0.05224	0.06716	0.09701	0.74627
0.17692	0.20769	0.26923	0.16923	0.17692
0.44393	0.18224	0.14019	0.06075	0.17290
0.42899	0.15227	0.11713	0.08053	0.22108
0.23077	0.10989	0.09341	0.03846	0.52747
0.46853	0.18182	0.16783	0.04895	0.13287
0.07944	0.08411	0.06542	0.12617	0.64486
0.57558	0.30814	0.07558	0.01163	0.02907
0.32716	0.32716	0.06173	0.03086	0.25309
0.25351	0.10721	0.09419	0.05912	0.48597
0.23585	0.12264	0.21698	0.13208	0.29245
0.30769	0.17949	0.21026	0.06154	0.24103
0.40533	0.17751	0.08580	0.11834	0.21302
0.43609	0.28947	0.14286	0.03759	0.09398
0.22968	0.11661	0.08127	0.06360	0.50883
0.17986	0.09353	0.08633	0.13669	0.50360
0.05385	0.05385	0.11538	0.12308	0.65385
0.26667	0.11429	0.08571	0.07619	0.45714
0.26389	0.22222	0.22222	0.12037	0.17130
0.15294	0.08824	0.08824	0.18824	0.48235
0.29936	0.28025	0.19745	0.10191	0.12102
0.11966	0.06410	0.08547	0.11538	0.61538
0.10559	0.06522	0.06522	0.21118	0.55280
0.17476	0.08350	0.10680	0.12621	0.50874
0.39516	0.16935	0.14516	0.06452	0.22581
0.15217	0.17391	0.09420	0.17391	0.40580
0.16964	0.07143	0.20536	0.11607	0.43750
0.16479	0.10861	0.09363	0.06367	0.56929
0.40930	0.14419	0.09302	0.09767	0.25581
0.11067	0.05929	0.09881	0.06324	0.66798
0.09690	0.09302	0.15891	0.08140	0.56977
0.03784	0.07027	0.08108	0.17297	0.63784
0.21875	0.34375	0.13281	0.12500	0.17969
0.09940	0.09337	0.08434	0.21084	0.51205
0.07258	0.14516	0.08065	0.09677	0.60484
0.09053	0.05350	0.07407	0.08230	0.69959
0.19136	0.14198	0.27160	0.20988	0.18519
0.20661	0.09917	0.19008	0.10744	0.39669
0.15733	0.11467	0.10133	0.20267	0.42400
0.31776	0.13084	0.07710	0.08645	0.38785
0.12617	0.03738	0.06542	0.08411	0.68692
0.13333	0.21905	0.12381	0.06667	0.45714
0.02308	0.00769	0.04615	0.03077	0.89231
0.09468	0.04759	0.05425	0.11515	0.68833
0.15385	0.10577	0.03846	0.18269	0.51923
0.28836	0.29101	0.12963	0.12698	0.16402
0.20800	0.07200	0.08000	0.17600	0.46400
0.08824	0.16176	0.18382	0.16912	0.39706
0.28151	0.16608	0.13781	0.11543	0.29918
0.06215	0.02825	0.05650	0.08475	0.76836
0.21687	0.11446	0.06024	0.03012	0.57831
0.03448	0.06897	0.04433	0.14286	0.70936
0.13265	0.11224	0.09184	0.16837	0.49490
0.09568	0.04938	0.04630	0.12037	0.68827
0.12821	0.08547	0.12821	0.07692	0.58120
0.27385	0.13231	0.13846	0.08923	0.36615
0.13853	0.12554	0.14286	0.22944	0.36364
0.14929	0.07583	0.07583	0.10427	0.59479
0.01724	0.05172	0.03448	0.19828	0.69828
0.12121	0.04848	0.04848	0.16970	0.61212
0.06475	0.01439	0.03597	0.13669	0.74820
0.06342	0.03171	0.05285	0.08879	0.76321
0.01835	0.07339	0.11009	0.20183	0.59633
0.09565	0.06522	0.06522	0.15217	0.62174
0.09336	0.07884	0.08506	0.12033	0.62241
0.17473	0.06240	0.09204	0.14197	0.52886
0.10738	0.06040	0.03691	0.05705	0.73826
0.18103	0.12069	0.17241	0.15517	0.37069
0.05607	0.05607	0.09346	0.15888	0.63551
0.26667	0.09524	0.10476	0.09524	0.43810
0.18788	0.08485	0.11515	0.11515	0.49697
0.18868	0.08176	0.05660	0.15723	0.51572
0.09040	0.00565	0.03390	0.12994	0.74011
0.21875	0.06510	0.06510	0.09896	0.55208
0.08421	0.03158	0.06667	0.13684	0.68070
0.19478	0.10843	0.12048	0.12450	0.45181
0.07491	0.08537	0.10801	0.12718	0.60453
0.07692	0.05385	0.08462	0.07692	0.70769
0.01935	0.03226	0.09677	0.12903	0.72258
0.03670	0.06422	0.07798	0.06881	0.75229
0.10897	0.05128	0.07372	0.12179	0.64423
0.14074	0.07407	0.10370	0.10370	0.57778
0.27601	0.07219	0.06582	0.11253	0.47346
0.16137	0.07335	0.13692	0.15403	0.47433
0.02857	0.03810	0.01905	0.14286	0.77143
0.20000	0.15294	0.21176	0.18235	0.25294
0.11943	0.03441	0.04251	0.12348	0.68016
0.08850	0.00885	0.08850	0.23009	0.58407
0.08532	0.03373	0.04762	0.11310	0.72024
0.10909	0.04000	0.09818	0.12000	0.63273
0.08120	0.08547	0.04274	0.14530	0.64530
0.11765	0.05147	0.05882	0.22794	0.54412
0.06061	0.03939	0.09091	0.16364	0.64545
0.01408	0.03521	0.12676	0.12676	0.69718
0.10667	0.09333	0.10667	0.18000	0.51333
0.22500	0.06071	0.06429	0.17857	0.47143
0.23457	0.06790	0.06173	0.07407	0.56173
0.05556	0.04167	0.13194	0.14583	0.62500
0.11429	0.02857	0.09524	0.14286	0.61905
0.06202	0.07752	0.03876	0.24031	0.58140
0.03968	0.05159	0.03571	0.11111	0.76190
0.04098	0.03689	0.06557	0.07787	0.77869
0.09091	0.07273	0.12727	0.12727	0.58182
0.11475	0.11475	0.13115	0.12568	0.51366
0.04104	0.04478	0.04478	0.09328	0.77612
0.03571	0.04464	0.07143	0.16964	0.67857
0.04800	0.07200	0.08800	0.07200	0.72000
0.14559	0.05172	0.06897	0.14176	0.59195
0.04622	0.02101	0.05882	0.16387	0.71008
0.05806	0.08387	0.05806	0.08387	0.71613
0.50685	0.21233	0.12329	0.08904	0.06849
0.17355	0.11570	0.10744	0.19835	0.40496
0.18902	0.14024	0.08537	0.16463	0.42073
0.07500	0.10000	0.15000	0.15833	0.51667
0.17054	0.15504	0.13178	0.23256	0.31008
0.18447	0.09709	0.13592	0.26214	0.32039
0.07000	0.04000	0.07000	0.35000	0.47000
0.05660	0.02830	0.05660	0.16038	0.69811
0.32613	0.04968	0.06048	0.06911	0.49460
0.26316	0.08097	0.05263	0.06073	0.54251
0.18584	0.16814	0.09735	0.15929	0.38938
0.13178	0.09302	0.04651	0.10078	0.62791
0.12085	0.06647	0.09970	0.15106	0.56193
0.14428	0.06095	0.08458	0.16418	0.54602
0.07500	0.11667	0.09167	0.12500	0.59167
0.02685	0.01678	0.05705	0.07383	0.82550
0.15979	0.10137	0.08935	0.08247	0.56701
0.16342	0.10506	0.14008	0.21401	0.37743
0.04444	0.02778	0.06667	0.18889	0.67222
0.06400	0.07200	0.10400	0.12000	0.64000
0.18590	0.01282	0.03205	0.07692	0.69231
0.22289	0.10843	0.10843	0.22892	0.33133
0.30686	0.22383	0.19134	0.09747	0.18051
0.21569	0.13725	0.08497	0.09150	0.47059
0.07759	0.04310	0.06897	0.17241	0.63793
0.18750	0.07812	0.09375	0.08333	0.55729
0.05844	0.05844	0.09740	0.16883	0.61688
0.04132	0.03306	0.04959	0.10331	0.77273
0.13861	0.01980	0.07921	0.15842	0.60396
0.12270	0.05521	0.07975	0.18405	0.55828
0.26000	0.18000	0.10000	0.14000	0.32000
0.19904	0.06581	0.05297	0.07384	0.60835
0.09712	0.06835	0.07914	0.17266	0.58273
0.09818	0.07273	0.05818	0.11636	0.65455
0.06767	0.06015	0.04511	0.09023	0.73684
0.06040	0.06040	0.10067	0.18121	0.59732
0.39070	0.07907	0.08372	0.06512	0.38140
0.03288	0.05205	0.04658	0.09589	0.77260
0.07692	0.05128	0.13675	0.27350	0.46154
0.11966	0.11966	0.24786	0.22222	0.29060
0.06481	0.10648	0.15278	0.28241	0.39352
0.09173	0.06917	0.12632	0.23459	0.47820
0.09770	0.05747	0.14368	0.17816	0.52299
0.01714	0.02857	0.05143	0.13143	0.77143
0.00870	0.01739	0.06087	0.30435	0.60870
0.08088	0.14706	0.11765	0.19853	0.45588
0.00000	0.05714	0.05714	0.14286	0.74286
0.16667	0.15046	0.11806	0.20139	0.36343
0.01807	0.00602	0.03012	0.13855	0.80723
0.05882	0.00840	0.09244	0.17647	0.66387
0.45763	0.16949	0.11864	0.15254	0.10169
0.02857	0.02857	0.09286	0.09286	0.75714
0.26853	0.06657	0.05371	0.09758	0.51362
0.15517	0.06322	0.09770	0.15517	0.52874
0.04202	0.08403	0.12605	0.26891	0.47899
0.05983	0.04274	0.12821	0.25641	0.51282
0.01905	0.00000	0.04762	0.18095	0.75238
0.15135	0.04595	0.07838	0.13784	0.58649
0.09160	0.09924	0.09924	0.25191	0.45802
0.14480	0.06787	0.07240	0.15837	0.55656
0.12734	0.07116	0.07865	0.10674	0.61610
0.22321	0.08929	0.07143	0.08036	0.53571
0.13761	0.07339	0.08716	0.19725	0.50459
0.16923	0.08205	0.07692	0.04103	0.63077
0.04032	0.01613	0.04839	0.13710	0.75806
0.12000	0.01000	0.05000	0.12000	0.70000
0.05069	0.09217	0.06912	0.09677	0.69124
0.46452	0.07097	0.05161	0.08387	0.32903
0.30233	0.09690	0.07364	0.16279	0.36434
0.13158	0.16667	0.06140	0.11404	0.52632
0.05263	0.07018	0.14620	0.30994	0.42105
0.20792	0.07921	0.14851	0.12376	0.44059
0.10891	0.11881	0.09901	0.21782	0.45545
0.20346	0.07504	0.08369	0.18182	0.45599
0.33333	0.04348	0.07246	0.15217	0.39855
0.05455	0.07273	0.09091	0.10909	0.67273
0.09596	0.05556	0.06061	0.11111	0.67677
0.02259	0.03491	0.06160	0.05749	0.82341
0.05442	0.04762	0.09524	0.21769	0.58503
0.03738	0.06542	0.11215	0.24299	0.54206
0.07857	0.04286	0.05714	0.22143	0.60000
0.11765	0.10588	0.12941	0.11176	0.53529
0.32661	0.14601	0.10471	0.16330	0.25937
0.07882	0.07389	0.07882	0.21182	0.55665
0.01531	0.01531	0.05612	0.13776	0.77551
0.04487	0.10256	0.10897	0.19872	0.54487
0.02260	0.02825	0.08475	0.17514	0.68927
0.21510	0.13043	0.12128	0.13730	0.39588
0.37659	0.04835	0.03562	0.09669	0.44275
0.16160	0.07034	0.08935	0.23764	0.44106
0.12785	0.13242	0.18265	0.21918	0.33790
0.16357	0.09665	0.12268	0.15242	0.46468
0.17468	0.08861	0.08861	0.20506	0.44304
0.14907	0.05590	0.06832	0.07453	0.65217
0.12871	0.09901	0.05941	0.19802	0.51485
0.11565	0.05442	0.06122	0.20408	0.56463
0.07831	0.07831	0.08434	0.08434	0.67470
0.09286	0.15000	0.17143	0.27857	0.30714
0.16667	0.09375	0.10417	0.10938	0.52604
0.26797	0.09477	0.09804	0.17647	0.36275
0.07654	0.05679	0.08148	0.11358	0.67160
0.17391	0.09239	0.09239	0.17391	0.46739
0.14286	0.11429	0.20000	0.21905	0.32381
0.03750	0.01250	0.06875	0.12500	0.75625
0.12258	0.14194	0.13548	0.21935	0.38065
0.34266	0.12937	0.06294	0.15385	0.31119
0.05263	0.13534	0.09774	0.19549	0.51880
0.08609	0.05960	0.09272	0.19205	0.56954
0.07767	0.05825	0.08738	0.15534	0.62136
0.35374	0.05442	0.02721	0.10204	0.46259
0.06536	0.08497	0.12418	0.15033	0.57516
0.10042	0.05021	0.05858	0.08368	0.70711
0.21005	0.09589	0.14155	0.20548	0.34703
0.17786	0.06715	0.08530	0.13430	0.53539
0.23750	0.21875	0.13750	0.21875	0.18750
0.01852	0.01852	0.09259	0.10185	0.76852
0.07778	0.06667	0.12778	0.16111	0.56667
0.18662	0.15493	0.11620	0.18310	0.35915
0.63208	0.05660	0.03774	0.07547	0.19811
0.12741	0.11197	0.15058	0.18919	0.42085
0.16370	0.10676	0.12100	0.14591	0.46263
0.03968	0.11905	0.09524	0.08730	0.65873
0.04942	0.04070	0.03488	0.11337	0.76163
0.10825	0.03093	0.06701	0.18041	0.61340
0.22222	0.13778	0.10222	0.15111	0.38667
0.11972	0.03521	0.03521	0.14789	0.66197
0.06220	0.03828	0.04306	0.14833	0.70813
0.22646	0.10433	0.09669	0.17812	0.39440
0.04902	0.10784	0.08824	0.19608	0.55882
0.18750	0.08456	0.13971	0.15809	0.43015
0.22807	0.04386	0.07018	0.11404	0.54386
0.01770	0.07080	0.07080	0.07965	0.76106
0.22020	0.11918	0.16005	0.14529	0.35528
0.06829	0.05615	0.10470	0.19272	0.57815
0.27957	0.03763	0.03763	0.08602	0.55914
0.21014	0.20290	0.14493	0.10870	0.33333
0.07407	0.04444	0.05185	0.18519	0.64444
0.20000	0.07907	0.11163	0.12558	0.48372
0.11972	0.10211	0.12324	0.16549	0.48944
0.19697	0.03030	0.06818	0.16667	0.53788
0.21296	0.08333	0.06481	0.13889	0.50000
0.36122	0.20000	0.17143	0.13469	0.13265
0.11111	0.11111	0.10317	0.18254	0.49206
0.26437	0.11954	0.05977	0.09885	0.45747
0.08333	0.16667	0.20833	0.15833	0.38333
0.22500	0.08125	0.10000	0.20625	0.38750
0.14194	0.12258	0.09032	0.12258	0.52258
0.19203	0.18841	0.14130	0.19928	0.27899
0.03883	0.02913	0.14563	0.18447	0.60194
0.23351	0.02723	0.02304	0.06387	0.65236
0.16190	0.10476	0.08571	0.14286	0.50476
0.17949	0.03419	0.03419	0.06838	0.68376
0.05426	0.02326	0.06977	0.14729	0.70543
0.16794	0.01527	0.09160	0.13740	0.58779
0.08427	0.11236	0.14607	0.23034	0.42697
0.06000	0.09000	0.08000	0.18000	0.59000
0.09163	0.06773	0.05976	0.18327	0.59761
0.04000	0.02500	0.08000	0.12500	0.73000
0.10784	0.11765	0.12255	0.14216	0.50980
0.23871	0.12903	0.08387	0.14194	0.40645
0.16418	0.03731	0.10448	0.19403	0.50000
0.00885	0.03540	0.07080	0.07965	0.80531
0.09778	0.10667	0.12000	0.20444	0.47111
0.19355	0.10264	0.13490	0.12610	0.44282
0.28788	0.03788	0.03030	0.15152	0.49242
0.07627	0.02542	0.05932	0.22881	0.61017
0.08571	0.07143	0.10714	0.10714	0.62857
0.12282	0.11037	0.15934	0.23154	0.37593
0.06452	0.06452	0.08387	0.07097	0.71613
0.09816	0.07975	0.12883	0.15337	0.53988
0.13843	0.07832	0.10018	0.20947	0.47359
0.09021	0.04897	0.07216	0.09794	0.69072
0.18546	0.11907	0.11802	0.19810	0.37935
0.09639	0.04819	0.11446	0.22892	0.51205
0.19626	0.04673	0.06542	0.21495	0.47664
0.09827	0.06936	0.07514	0.10983	0.64740
0.15534	0.02913	0.09709	0.14563	0.57282
0.15596	0.05505	0.12844	0.24771	0.41284
0.19328	0.10924	0.15966	0.28571	0.25210
0.07018	0.08772	0.19298	0.28070	0.36842
0.33333	0.08824	0.16667	0.10784	0.30392
0.14765	0.05369	0.12081	0.09396	0.58389
0.11765	0.13725	0.10784	0.16667	0.47059
0.36715	0.05314	0.07005	0.13768	0.37198
0.24894	0.15532	0.10426	0.11277	0.37872
0.20155	0.15504	0.20155	0.17054	0.27132
0.31692	0.04283	0.06424	0.11777	0.45824
0.32857	0.05000	0.04286	0.12857	0.45000
0.07759	0.06897	0.09483	0.13793	0.62069
0.28986	0.21739	0.06280	0.09179	0.33816
0.12500	0.05625	0.13125	0.21250	0.47500
0.32121	0.03030	0.02424	0.04848	0.57576
0.15663	0.06426	0.10843	0.15663	0.51406
0.10029	0.06304	0.09169	0.12894	0.61605
0.10256	0.04274	0.12821	0.17094	0.55556
0.25741	0.17963	0.17222	0.09444	0.29630
0.06723	0.16807	0.18487	0.19328	0.38655
0.14868	0.07674	0.09353	0.17026	0.51079
0.43779	0.10599	0.11060	0.12442	0.22120
0.18182	0.09848	0.10606	0.16667	0.44697
0.05000	0.04167	0.16667	0.17500	0.56667
0.05000	0.05000	0.08889	0.21111	0.60000
0.16532	0.05997	0.05186	0.08266	0.64019
0.12717	0.05780	0.07514	0.16185	0.57803
0.04167	0.04167	0.08333	0.18333	0.65000
0.04324	0.01081	0.04865	0.22162	0.67568
0.62602	0.06504	0.01626	0.04065	0.25203
0.26254	0.26421	0.21070	0.11037	0.15217
0.06306	0.12613	0.10811	0.22523	0.47748
0.06162	0.05602	0.07703	0.23109	0.57423
0.24561	0.15789	0.27719	0.18246	0.13684
0.21622	0.07207	0.09009	0.02703	0.59459
0.21569	0.10784	0.13725	0.19608	0.34314
0.01852	0.01852	0.04630	0.21296	0.70370
0.17490	0.11407	0.14829	0.10266	0.46008
0.21778	0.10667	0.13333	0.11111	0.43111
0.13653	0.05904	0.12546	0.08856	0.59041
0.12264	0.08491	0.12264	0.17925	0.49057
0.20619	0.12371	0.12887	0.23196	0.30928
0.23267	0.16337	0.14851	0.12376	0.33168
0.19608	0.20588	0.16667	0.15686	0.27451
0.27241	0.24483	0.19310	0.12069	0.16897
0.16327	0.09524	0.15646	0.12925	0.45578
0.16058	0.06569	0.17518	0.25547	0.34307
0.36522	0.18261	0.13043	0.10435	0.21739
0.24324	0.10811	0.07207	0.09009	0.48649
0.26190	0.18254	0.12698	0.17460	0.25397
0.05114	0.02841	0.09091	0.07386	0.75568
0.36527	0.01556	0.01966	0.04341	0.55610
0.23264	0.06597	0.06597	0.13542	0.50000
0.25197	0.13386	0.14173	0.27559	0.19685
0.08019	0.09434	0.08962	0.13679	0.59906
0.20248	0.12810	0.16529	0.19835	0.30579
0.17834	0.09554	0.03822	0.05096	0.63694
0.07742	0.07742	0.05806	0.07097	0.71613
0.09009	0.02703	0.09910	0.17117	0.61261
0.14815	0.12593	0.14074	0.20741	0.37778
0.15951	0.11043	0.06748	0.23313	0.42945
0.12459	0.09180	0.09508	0.26885	0.41967
0.13380	0.10563	0.12676	0.19014	0.44366
0.17617	0.11399	0.11399	0.16580	0.43005
0.12849	0.12291	0.12849	0.15084	0.46927
0.11638	0.11207	0.14655	0.19397	0.43103
0.07836	0.04478	0.04104	0.06343	0.77239
0.09804	0.07843	0.14706	0.18627	0.49020
0.14074	0.11852	0.06667	0.06667	0.60741
0.20359	0.20958	0.17365	0.11377	0.29940
0.19159	0.02804	0.04206	0.07009	0.66822
0.10687	0.08397	0.12214	0.29008	0.39695
0.09023	0.10526	0.11278	0.18797	0.50376
0.15267	0.12214	0.06870	0.11450	0.54198
0.14167	0.05000	0.17500	0.19167	0.44167
0.15385	0.06653	0.06653	0.15593	0.55717
0.03623	0.04348	0.04348	0.23913	0.63768
0.12037	0.05093	0.06944	0.12037	0.63889
0.08036	0.09821	0.10714	0.12500	0.58929
0.04587	0.07339	0.08257	0.27523	0.52294
0.10185	0.04630	0.11111	0.22222	0.51852
0.09244	0.10924	0.08403	0.14286	0.57143
0.19005	0.10860	0.07692	0.14480	0.47964
0.21591	0.07386	0.05682	0.07386	0.57955
0.37681	0.00725	0.05072	0.07246	0.49275
0.07438	0.03306	0.04132	0.10744	0.74380
0.11765	0.06723	0.08403	0.09244	0.63866
0.29032	0.14516	0.14516	0.16935	0.25000
0.21557	0.17365	0.17365	0.18563	0.25150
0.15888	0.01869	0.06542	0.12150	0.63551
0.18400	0.20000	0.20800	0.21600	0.19200
0.11538	0.09615	0.04808	0.21154	0.52885
0.03788	0.03788	0.07576	0.13636	0.71212
0.20792	0.12871	0.15842	0.19802	0.30693
0.09722	0.02778	0.04861	0.09722	0.72917
0.01471	0.04412	0.06618	0.19853	0.67647
0.07519	0.09774	0.09774	0.15038	0.57895
0.06790	0.15432	0.18519	0.17901	0.41358
0.22517	0.15232	0.18543	0.15232	0.28477
0.22430	0.16822	0.11215	0.15421	0.34112
0.17476	0.13592	0.15534	0.16505	0.36893
0.17273	0.14545	0.15455	0.19091	0.33636
0.14286	0.20408	0.24490	0.17687	0.23129
0.03883	0.02913	0.02913	0.07443	0.82848
0.15947	0.07641	0.07973	0.20598	0.47841
0.15534	0.05825	0.08252	0.14078	0.56311
0.20611	0.30534	0.29008	0.09924	0.09924
0.27976	0.07738	0.13095	0.14286	0.36905
0.14035	0.04386	0.08772	0.24561	0.48246
0.06796	0.07767	0.12621	0.20388	0.52427
0.15741	0.28704	0.17593	0.14815	0.23148
0.18519	0.04630	0.10185	0.13889	0.52778
0.16489	0.09574	0.09043	0.16489	0.48404
0.11429	0.13333	0.13333	0.22857	0.39048
0.03846	0.06410	0.05128	0.14103	0.70513
0.10345	0.03979	0.06366	0.15650	0.63660
0.07317	0.08130	0.08130	0.19512	0.56911
0.32215	0.09843	0.07159	0.14765	0.36018
0.05691	0.02236	0.04065	0.07520	0.80488
0.22414	0.26724	0.12069	0.09483	0.29310
0.15888	0.06542	0.07165	0.09969	0.60436
0.26201	0.14410	0.12664	0.06987	0.39738
0.11852	0.03704	0.06667	0.14074	0.63704
0.15068	0.13014	0.16438	0.18493	0.36986
0.08523	0.10795	0.10227	0.21591	0.48864
0.09804	0.12745	0.26471	0.17647	0.33333
0.22727	0.24026	0.14935	0.09091	0.29221
0.08497	0.10458	0.17647	0.20261	0.43137
0.05882	0.06863	0.19608	0.24510	0.43137
0.18621	0.23448	0.19310	0.15862	0.22759
0.09804	0.10784	0.09804	0.20588	0.49020
0.21610	0.07004	0.07899	0.14158	0.49329
0.20134	0.16107	0.13423	0.12081	0.38255
0.45038	0.05344	0.06107	0.12214	0.31298
0.17470	0.07831	0.09036	0.16265	0.49398
0.02752	0.03670	0.01835	0.13761	0.77982
0.07339	0.04281	0.07951	0.18349	0.62080
0.12977	0.16031	0.12214	0.15267	0.43511
0.19820	0.16216	0.14414	0.18919	0.30631
0.13547	0.04190	0.07263	0.11592	0.63408
0.12583	0.07285	0.15894	0.12583	0.51656
0.18095	0.06667	0.13333	0.20952	0.40952
0.20988	0.06173	0.08642	0.11728	0.52469
0.28082	0.15068	0.06849	0.17123	0.32877
0.20137	0.11945	0.12969	0.15700	0.39249
0.13889	0.08333	0.18519	0.25000	0.34259
0.08306	0.09635	0.06312	0.15615	0.60133
0.26738	0.05348	0.04813	0.12834	0.50267
0.10882	0.01313	0.02627	0.08068	0.77111
0.16596	0.11915	0.11915	0.19149	0.40426
0.14062	0.02344	0.08594	0.12500	0.62500
0.11927	0.12844	0.22018	0.25688	0.27523
0.27000	0.15000	0.08000	0.13000	0.37000
0.09945	0.18232	0.13812	0.28729	0.29282
0.10377	0.04717	0.06604	0.19811	0.58491
0.30020	0.20690	0.12779	0.13793	0.22718
0.14449	0.05323	0.09125	0.06084	0.65019
0.02732	0.00546	0.03825	0.16393	0.76503
0.06364	0.12727	0.13636	0.20909	0.46364
0.06306	0.02703	0.04955	0.16216	0.69820
0.27215	0.19620	0.13291	0.10759	0.29114
0.12745	0.10784	0.01961	0.08824	0.65686
0.09709	0.02913	0.10680	0.13592	0.63107
0.09241	0.06106	0.04950	0.11716	0.67987
0.39568	0.15827	0.03597	0.10072	0.30935
0.09848	0.09848	0.06061	0.20455	0.53788
0.18095	0.21905	0.14286	0.06667	0.39048
0.21053	0.11404	0.15789	0.21930	0.29825
0.09009	0.06306	0.11712	0.12613	0.60360
0.45113	0.17293	0.15038	0.10526	0.12030
0.41031	0.05979	0.05773	0.14021	0.33196
0.11029	0.02206	0.05882	0.09559	0.71324
0.41799	0.10053	0.11111	0.10317	0.26720
0.10714	0.04167	0.12500	0.13690	0.58929
0.07295	0.08511	0.08511	0.14894	0.60790
0.24409	0.03937	0.03937	0.07087	0.60630
0.01639	0.02459	0.02459	0.09016	0.84426
0.14768	0.09283	0.09283	0.20253	0.46414
0.02013	0.06711	0.14094	0.30872	0.46309
0.10484	0.08065	0.07258	0.16129	0.58065
0.02721	0.01361	0.10884	0.10884	0.74150
0.25962	0.10577	0.06731	0.13462	0.43269
0.07407	0.10185	0.17593	0.11111	0.53704
0.22807	0.21053	0.20175	0.20175	0.15789
0.17822	0.06931	0.00000	0.24752	0.50495
0.20207	0.14508	0.09845	0.11399	0.44041
0.08594	0.03906	0.08594	0.23438	0.55469
0.21303	0.03364	0.02873	0.08479	0.63980
0.48060	0.04776	0.06567	0.09254	0.31343
0.26382	0.15578	0.06533	0.07789	0.43719
0.01786	0.01786	0.12500	0.16071	0.67857
0.37714	0.16000	0.10857	0.12000	0.23429
0.26027	0.17808	0.13699	0.19178	0.23288
0.09630	0.05185	0.07407	0.17037	0.60741
0.23464	0.11732	0.13408	0.18994	0.32402
0.08929	0.09821	0.07143	0.15179	0.58929
0.32646	0.14777	0.21993	0.08935	0.21649
0.08145	0.08145	0.11765	0.21719	0.50226
0.14035	0.13158	0.10526	0.19298	0.42982
0.24783	0.06957	0.04348	0.07826	0.56087
0.13592	0.06796	0.02913	0.16505	0.60194
0.04695	0.01878	0.03286	0.03756	0.86385
0.17143	0.20000	0.15714	0.20714	0.26429
0.02410	0.01205	0.03213	0.04418	0.88755
0.00901	0.00901	0.03604	0.02703	0.91892
0.06061	0.07273	0.10909	0.04242	0.71515
0.15979	0.06186	0.10309	0.08763	0.58763
0.18121	0.09396	0.16779	0.13423	0.42282
0.16535	0.08661	0.09449	0.04724	0.60630
0.27273	0.00000	0.03636	0.09091	0.60000
0.26733	0.09901	0.08911	0.09901	0.44554
0.29688	0.01562	0.03125	0.05000	0.60625
0.08295	0.00922	0.02765	0.03687	0.84332
0.27839	0.03663	0.04029	0.06227	0.58242
0.09143	0.04000	0.02857	0.10857	0.73143
0.34320	0.15976	0.10651	0.11243	0.27811
0.13281	0.05469	0.10156	0.17188	0.53906
0.00971	0.01942	0.04854	0.12621	0.79612
0.26772	0.32283	0.21260	0.11811	0.07874
0.20588	0.11765	0.17647	0.20588	0.29412
0.09483	0.03448	0.04310	0.04310	0.78448
0.15517	0.14655	0.18103	0.13793	0.37931
0.17241	0.14483	0.11034	0.22759	0.34483
0.17857	0.31633	0.18367	0.11224	0.20918
0.11818	0.13636	0.14545	0.30000	0.30000
0.30859	0.22656	0.20312	0.07812	0.18359
0.20588	0.18235	0.06471	0.07647	0.47059
0.19915	0.20763	0.10169	0.09746	0.39407
0.04717	0.05660	0.06604	0.27358	0.55660
0.29825	0.08502	0.06343	0.14845	0.40486
0.28452	0.25105	0.14226	0.09623	0.22594
0.22280	0.12953	0.20725	0.10881	0.33161
0.07595	0.03165	0.07595	0.06329	0.75316
0.08661	0.12598	0.06299	0.05512	0.66929
0.26712	0.33562	0.17808	0.10274	0.11644
0.11207	0.18534	0.15517	0.17241	0.37500
0.08000	0.14000	0.09000	0.25000	0.44000
0.12087	0.01654	0.02163	0.05980	0.78117
0.05785	0.06612	0.06612	0.19008	0.61983
0.08901	0.09424	0.07330	0.06283	0.68063
0.11392	0.01899	0.07595	0.15823	0.63291
0.06349	0.06349	0.07937	0.24603	0.54762
0.07025	0.04132	0.08264	0.14463	0.66116
0.05941	0.04455	0.13861	0.12376	0.63366
0.13846	0.03846	0.01538	0.04615	0.76154
0.12153	0.11806	0.17708	0.09375	0.48958
0.18487	0.13025	0.08824	0.13025	0.46639
0.15328	0.08029	0.08029	0.16058	0.52555
0.32130	0.10000	0.07685	0.10556	0.39630
0.18447	0.18447	0.15534	0.14563	0.33010
0.14062	0.05469	0.08594	0.06250	0.65625
0.17355	0.05785	0.12397	0.09917	0.54545
0.37500	0.02717	0.01087	0.09239	0.49457
0.21583	0.18705	0.16547	0.16547	0.26619
0.33094	0.18705	0.18705	0.10072	0.19424
0.29630	0.07407	0.08333	0.15741	0.38889
0.43902	0.21545	0.10569	0.02846	0.21138
0.38136	0.14407	0.15254	0.11017	0.21186
0.14961	0.25197	0.07087	0.14961	0.37795
0.29730	0.02027	0.01351	0.07432	0.59459
0.56637	0.06195	0.11504	0.07965	0.17699
0.17037	0.04444	0.14074	0.19259	0.45185
0.18519	0.11111	0.09259	0.25000	0.36111
0.14130	0.13587	0.21739	0.10326	0.40217
0.03175	0.05556	0.15873	0.19048	0.56349
0.11111	0.11111	0.06481	0.27778	0.43519
0.29119	0.13410	0.15709	0.11494	0.30268
0.06140	0.06140	0.12281	0.33333	0.42105
0.18954	0.13072	0.18954	0.17647	0.31373
0.08088	0.05147	0.05882	0.20588	0.60294
0.06067	0.02921	0.05169	0.16180	0.69663
0.35915	0.15493	0.13028	0.13028	0.22535
0.06805	0.03846	0.08580	0.14793	0.65976
0.15741	0.13889	0.12963	0.10185	0.47222
0.21019	0.21656	0.15287	0.16561	0.25478
0.44248	0.07080	0.08850	0.09735	0.30088
0.12609	0.14348	0.10435	0.09130	0.53478
0.28022	0.26923	0.14286	0.08791	0.21978
0.07273	0.06364	0.05455	0.09091	0.71818
0.05556	0.14444	0.13333	0.25556	0.41111
0.37662	0.07143	0.13636	0.12338	0.29221
0.29744	0.16923	0.20513	0.09231	0.23590
0.18750	0.04861	0.05556	0.15278	0.55556
0.11194	0.08209	0.06716	0.07463	0.66418
0.03478	0.01739	0.02609	0.13913	0.78261
0.39167	0.05000	0.02500	0.08333	0.45000
0.14953	0.07710	0.06542	0.10280	0.60514
0.01504	0.05263	0.04511	0.06015	0.82707
0.16422	0.07918	0.07331	0.19941	0.48387
0.00000	0.01575	0.03937	0.14173	0.80315
0.10000	0.07273	0.18182	0.11818	0.52727
0.20792	0.25743	0.10891	0.10891	0.31683
0.16129	0.09908	0.10829	0.10599	0.52535
0.23313	0.12270	0.17791	0.20859	0.25767
0.15831	0.05541	0.07124	0.17414	0.54090
0.11964	0.05893	0.10714	0.13214	0.58214
0.04948	0.02713	0.05666	0.21149	0.65523
0.24118	0.22353	0.13529	0.11765	0.28235
0.20245	0.12883	0.12270	0.11656	0.42945
0.33333	0.06504	0.07317	0.14634	0.38211
0.16667	0.11765	0.14706	0.13725	0.43137
0.12286	0.11714	0.08571	0.12000	0.55429
0.11429	0.01905	0.10476	0.26667	0.49524
0.15880	0.10300	0.08584	0.13305	0.51931
0.01802	0.05405	0.16216	0.27027	0.49550
0.18349	0.03364	0.03364	0.13150	0.61774
0.09489	0.02190	0.02920	0.21898	0.63504
0.23967	0.23140	0.11570	0.08264	0.33058
0.47899	0.10924	0.07563	0.13445	0.20168
0.11538	0.18269	0.21154	0.19231	0.29808
0.11111	0.11852	0.13333	0.12593	0.51111
0.13223	0.07851	0.10331	0.11570	0.57025
0.12581	0.10000	0.10000	0.20000	0.47419
0.07778	0.07778	0.08889	0.05556	0.70000
0.33658	0.18482	0.13619	0.09339	0.24903
0.16667	0.09942	0.08187	0.09649	0.55556
0.75238	0.02857	0.01905	0.03810	0.16190
0.09239	0.06522	0.07609	0.11957	0.64674
0.45178	0.23858	0.10660	0.06599	0.13706
0.12775	0.24670	0.33040	0.05727	0.23789
0.13103	0.10345	0.04138	0.13103	0.59310
0.26786	0.29762	0.28571	0.05357	0.09524
0.02098	0.01399	0.00000	0.03497	0.93007
0.14493	0.02899	0.05072	0.19565	0.57971
0.30709	0.08661	0.17323	0.20472	0.22835
0.07778	0.02593	0.03333	0.03704	0.82593
0.31915	0.10638	0.07092	0.02128	0.48227
0.10884	0.13605	0.12925	0.17687	0.44898
0.22936	0.23853	0.22936	0.07339	0.22936
0.50394	0.01575	0.06299	0.09449	0.32283
0.17391	0.03478	0.03478	0.22609	0.53043
0.13636	0.12727	0.13636	0.08182	0.51818
0.32573	0.01452	0.01037	0.06639	0.58299
0.13309	0.10072	0.13669	0.13669	0.49281
0.16000	0.13600	0.13600	0.13600	0.43200
0.35333	0.18000	0.14667	0.15333	0.16667
0.28324	0.09249	0.06936	0.11561	0.43931
0.36036	0.04505	0.10811	0.11712	0.36937
0.20721	0.09910	0.18919	0.09009	0.41441
0.22667	0.06667	0.09000	0.07333	0.54333
0.29787	0.21277	0.19149	0.12766	0.17021
0.34014	0.10204	0.12925	0.08844	0.34014
0.08065	0.04032	0.10484	0.05645	0.71774
0.28000	0.19000	0.23000	0.12000	0.18000
0.30986	0.29577	0.18310	0.08451	0.12676
0.07143	0.07738	0.09524	0.13690	0.61905
0.00873	0.01310	0.02620	0.11354	0.83843
0.01106	0.00402	0.01809	0.07638	0.89045
0.05660	0.04717	0.09434	0.11321	0.68868
0.21429	0.08163	0.09524	0.08503	0.52381
0.55238	0.19048	0.08571	0.04762	0.12381
0.10612	0.16735	0.13061	0.14286	0.45306
0.08403	0.07563	0.15126	0.10924	0.57983
0.12319	0.13768	0.07971	0.15942	0.50000
0.11417	0.01575	0.03937	0.09843	0.73228
0.14074	0.20000	0.04444	0.08148	0.53333
0.14368	0.04023	0.10920	0.10345	0.60345
0.11074	0.06376	0.09060	0.08725	0.64765
0.14851	0.11881	0.18812	0.09901	0.44554
0.11215	0.03738	0.02804	0.08411	0.73832
0.06618	0.08824	0.05882	0.11029	0.67647
0.04878	0.06504	0.02439	0.08943	0.77236
0.39844	0.28906	0.19531	0.03906	0.07812
0.10317	0.01984	0.02778	0.09921	0.75000
0.18803	0.14530	0.12821	0.15385	0.38462
0.17318	0.15084	0.17877	0.12291	0.37430
0.13171	0.02439	0.02927	0.06829	0.74634
0.29825	0.11842	0.12281	0.19298	0.26754
0.07687	0.01197	0.01827	0.11342	0.77946
0.00935	0.03738	0.01869	0.08411	0.85047
0.09032	0.12903	0.16774	0.15484	0.45806
0.00926	0.00926	0.01852	0.25926	0.70370
0.19005	0.13122	0.17647	0.07692	0.42534
0.30699	0.15441	0.17463	0.10662	0.25735
0.20755	0.18868	0.16981	0.06604	0.36792
0.12081	0.18792	0.12752	0.11409	0.44966
0.50000	0.02273	0.01705	0.01136	0.44886
0.44660	0.17476	0.08738	0.02913	0.26214
0.21429	0.25000	0.21429	0.09821	0.22321
0.04575	0.09150	0.09804	0.12418	0.64052
0.07143	0.01071	0.01429	0.03750	0.86607
0.03937	0.03150	0.04724	0.04724	0.83465
0.05645	0.09677	0.12903	0.23387	0.48387
0.28431	0.03922	0.00980	0.00980	0.65686
0.31250	0.19200	0.09308	0.10656	0.29586
0.11765	0.14286	0.17647	0.10924	0.45378
0.15702	0.11570	0.08264	0.07438	0.57025
0.12633	0.02654	0.04565	0.03185	0.76964
0.48430	0.24215	0.10314	0.04484	0.12556
0.10714	0.06429	0.07143	0.06429	0.69286
0.17778	0.13333	0.12593	0.08148	0.48148
0.05660	0.07547	0.09434	0.05660	0.71698
0.00000	0.00000	0.00000	0.04678	0.95322
0.03951	0.02432	0.04255	0.26748	0.62614
0.09259	0.02963	0.04815	0.08519	0.74444
0.21547	0.18785	0.19890	0.16022	0.23757
0.06364	0.03636	0.14545	0.14545	0.60909
0.10526	0.05556	0.07310	0.17544	0.59064
0.08333	0.07407	0.08333	0.02778	0.73148
0.23636	0.14545	0.09091	0.15455	0.37273
0.30564	0.17555	0.10502	0.07524	0.33856
0.04360	0.04942	0.05523	0.07558	0.77616
0.06329	0.10127	0.14557	0.12025	0.56962
0.23889	0.11111	0.14444	0.14444	0.36111
0.09901	0.04950	0.07921	0.17822	0.59406
0.12389	0.14159	0.11504	0.18584	0.43363
0.05283	0.03019	0.02264	0.06415	0.83019
0.36453	0.15764	0.19212	0.11823	0.16749
0.22819	0.05369	0.16107	0.08725	0.46980
0.14971	0.06430	0.08637	0.11900	0.58061
0.07065	0.00000	0.02717	0.09783	0.80435
0.06579	0.07237	0.16447	0.11842	0.57895
0.06207	0.06207	0.04828	0.10345	0.72414
0.11864	0.11864	0.18644	0.23729	0.33898
0.13028	0.08803	0.08451	0.09859	0.59859
0.09412	0.07059	0.12353	0.08235	0.62941
0.00000	0.00000	0.01618	0.06796	0.91586
0.32877	0.10274	0.06164	0.13699	0.36986
0.37000	0.16000	0.19500	0.11500	0.16000
0.04403	0.03145	0.06918	0.11321	0.74214
0.23529	0.15126	0.16807	0.15126	0.29412
0.21898	0.07299	0.04380	0.10949	0.55474
0.13966	0.12849	0.20112	0.13408	0.39665
0.20290	0.05217	0.05797	0.08986	0.59710
0.20576	0.15226	0.13580	0.08230	0.42387
0.06878	0.02116	0.07407	0.17989	0.65608
0.40741	0.03704	0.06481	0.06481	0.42593
0.02936	0.01727	0.02245	0.02073	0.91019
0.10194	0.04854	0.07767	0.10680	0.66505
0.15044	0.02655	0.04425	0.14159	0.63717
0.13971	0.07353	0.08824	0.09559	0.60294
0.11024	0.06299	0.05512	0.11024	0.66142
0.07477	0.01869	0.08411	0.09346	0.72897
0.13043	0.08152	0.13587	0.22283	0.42935
0.07767	0.07767	0.06796	0.11650	0.66019
0.07874	0.07874	0.09449	0.15748	0.59055
0.16743	0.06193	0.07110	0.13761	0.56193
0.11475	0.09836	0.08607	0.18443	0.51639
0.13014	0.04795	0.08904	0.15753	0.57534
0.30841	0.11215	0.10280	0.17757	0.29907
0.58947	0.12105	0.04737	0.12105	0.12105
0.09655	0.07586	0.12414	0.15862	0.54483
0.08140	0.08140	0.08140	0.14535	0.61047
0.26577	0.09910	0.06757	0.05405	0.51351
0.08036	0.06250	0.11607	0.18750	0.55357
0.10289	0.06860	0.07395	0.06752	0.68703
0.14902	0.07059	0.10588	0.10196	0.57255
0.06250	0.03571	0.07143	0.10714	0.72321
0.05861	0.05495	0.05861	0.08425	0.74359
0.14423	0.05769	0.10096	0.20673	0.49038
0.02959	0.02367	0.04142	0.10059	0.80473
0.03774	0.04717	0.06604	0.10377	0.74528
0.06289	0.05660	0.05031	0.09434	0.73585
0.09322	0.14407	0.15254	0.23729	0.37288
0.10215	0.02688	0.08602	0.10753	0.67742
0.03311	0.05960	0.11921	0.13907	0.64901
0.09659	0.09091	0.11364	0.15909	0.53977
0.09286	0.06429	0.13571	0.15714	0.55000
0.04965	0.02837	0.04255	0.18440	0.69504
0.03521	0.08451	0.09859	0.16197	0.61972
0.05263	0.01754	0.03509	0.12281	0.77193
0.08714	0.04564	0.05394	0.12863	0.68465
0.16949	0.12712	0.09322	0.08475	0.52542
0.04310	0.01724	0.06897	0.15517	0.71552
0.17799	0.18123	0.18447	0.16828	0.28803
0.05195	0.07792	0.11255	0.12554	0.63203
0.09901	0.04950	0.10891	0.10891	0.63366
0.05344	0.03817	0.03817	0.03817	0.83206
0.04630	0.03704	0.06481	0.25000	0.60185
0.02283	0.01826	0.01370	0.02740	0.91781
0.05932	0.05085	0.04237	0.16102	0.68644
0.17969	0.09375	0.07812	0.16406	0.48438
0.17765	0.06304	0.08596	0.12034	0.55301
0.09155	0.04225	0.06338	0.12676	0.67606
0.21795	0.03846	0.04701	0.08547	0.61111
0.07438	0.04959	0.14050	0.10744	0.62810
0.06400	0.11200	0.17600	0.15200	0.49600
0.08901	0.09424	0.09948	0.27225	0.44503
0.09420	0.07246	0.10870	0.27536	0.44928
0.21341	0.09350	0.10976	0.19309	0.39024
0.04762	0.10204	0.11565	0.16327	0.57143
0.63087	0.11409	0.12081	0.06040	0.07383
0.24356	0.09836	0.08431	0.13817	0.43560
0.42211	0.11474	0.09158	0.13474	0.23684
0.15328	0.05109	0.09489	0.14599	0.55474
0.22043	0.06989	0.07527	0.11828	0.51613
0.07143	0.12143	0.23571	0.27143	0.30000
0.14709	0.04830	0.05049	0.08233	0.67179
0.19492	0.07627	0.09322	0.13559	0.50000
0.05988	0.08383	0.08982	0.11976	0.64671
0.22723	0.11494	0.12644	0.14058	0.39080
0.13928	0.06964	0.13649	0.20056	0.45404
0.07386	0.10795	0.17614	0.10795	0.53409
0.00763	0.02290	0.02672	0.06107	0.88168
0.17460	0.11905	0.15079	0.24603	0.30952
0.15385	0.10256	0.13675	0.12821	0.47863
0.21000	0.19500	0.13000	0.12500	0.34000
0.08065	0.07258	0.21774	0.32258	0.30645
0.17045	0.04545	0.06818	0.15152	0.56439
0.04505	0.07207	0.12613	0.17117	0.58559
0.20690	0.13103	0.13103	0.07586	0.45517
0.30328	0.11475	0.10929	0.07377	0.39891
0.13879	0.08116	0.09294	0.13383	0.55328
0.22414	0.06034	0.19828	0.16379	0.35345
0.13517	0.06430	0.08005	0.09974	0.62073
0.32680	0.16993	0.18301	0.13725	0.18301
0.01754	0.08772	0.09649	0.33333	0.46491
0.22286	0.08571	0.04571	0.10286	0.54286
0.17769	0.04545	0.07025	0.22314	0.48347
0.10714	0.15179	0.19643	0.09821	0.44643
0.12500	0.14375	0.15000	0.16875	0.41250
0.18229	0.07180	0.08631	0.10863	0.55097
0.45930	0.25000	0.17442	0.06395	0.05233
0.19024	0.05854	0.05366	0.11707	0.58049
0.20270	0.10811	0.08221	0.10923	0.49775
0.35484	0.15323	0.12097	0.18548	0.18548
0.09783	0.10870	0.09783	0.24457	0.45109
0.20792	0.13861	0.15842	0.11881	0.37624
0.17811	0.19099	0.16094	0.21674	0.25322
0.05455	0.13636	0.13636	0.19091	0.48182
0.08800	0.06400	0.03200	0.13600	0.68000
0.06784	0.04020	0.09045	0.18844	0.61307
0.31511	0.14952	0.15756	0.14952	0.22830
0.14458	0.14458	0.18072	0.22892	0.30120
0.07735	0.10497	0.16575	0.37017	0.28177
0.17483	0.18182	0.17483	0.17483	0.29371
0.26562	0.22266	0.16406	0.20312	0.14453
0.08800	0.08000	0.12000	0.27200	0.44000
